id_sequence,A,R,N,D,C,Q,E,G,H,I,L,K,M,F,P,S,T,W,Y,V
seq_db_2,0.0,10.0,0.0,10.0,0.0,0.0,0.0,0.0,20.0,10.0,10.0,0.0,0.0,10.0,10.0,0.0,0.0,0.0,10.0,10.0
seq_db_6,11.11111111111111,0.0,0.0,0.0,0.0,0.0,0.0,11.11111111111111,0.0,22.22222222222222,44.44444444444444,0.0,0.0,0.0,0.0,11.11111111111111,0.0,0.0,0.0,0.0
seq_db_9,33.333333333333336,0.0,0.0,0.0,0.0,0.0,0.0,33.333333333333336,33.333333333333336,0.0,0.0,0.0,0.0,0.0,0.0,0.0,0.0,0.0,0.0,0.0
seq_db_14,0.0,11.11111111111111,0.0,0.0,0.0,44.44444444444444,0.0,0.0,0.0,0.0,11.11111111111111,0.0,0.0,0.0,33.333333333333336,0.0,0.0,0.0,0.0,0.0
seq_db_16,0.0,22.22222222222222,11.11111111111111,0.0,0.0,22.22222222222222,0.0,0.0,0.0,0.0,0.0,0.0,0.0,0.0,11.11111111111111,22.22222222222222,0.0,11.11111111111111,0.0,0.0
seq_db_21,33.333333333333336,0.0,0.0,0.0,0.0,0.0,0.0,0.0,0.0,0.0,0.0,0.0,0.0,0.0,0.0,0.0,0.0,0.0,66.66666666666667,0.0
seq_db_23,13.333333333333334,0.0,20.0,0.0,0.0,0.0,0.0,33.333333333333336,0.0,0.0,6.666666666666667,0.0,0.0,0.0,20.0,0.0,0.0,0.0,0.0,6.666666666666667
seq_db_14571,0.0,0.0,0.0,0.0,0.0,0.0,0.0,0.0,14.285714285714286,0.0,28.571428571428573,0.0,14.285714285714286,14.285714285714286,0.0,0.0,0.0,0.0,14.285714285714286,14.285714285714286
seq_db_14572,20.0,0.0,20.0,0.0,0.0,0.0,0.0,0.0,0.0,0.0,0.0,0.0,0.0,0.0,0.0,20.0,20.0,0.0,0.0,20.0
seq_db_14573,0.0,0.0,33.333333333333336,0.0,0.0,0.0,0.0,0.0,0.0,0.0,0.0,0.0,0.0,0.0,33.333333333333336,0.0,0.0,0.0,0.0,33.333333333333336
seq_db_14574,12.5,4.166666666666667,4.166666666666667,8.333333333333334,8.333333333333334,0.0,4.166666666666667,12.5,0.0,4.166666666666667,20.833333333333332,4.166666666666667,0.0,0.0,8.333333333333334,4.166666666666667,0.0,0.0,0.0,4.166666666666667
seq_db_14575,0.0,0.0,0.0,0.0,0.0,0.0,0.0,0.0,25.0,0.0,0.0,0.0,0.0,25.0,25.0,0.0,0.0,0.0,0.0,25.0
seq_db_14576,11.11111111111111,0.0,0.0,0.0,0.0,0.0,11.11111111111111,11.11111111111111,0.0,22.22222222222222,33.333333333333336,0.0,0.0,0.0,0.0,11.11111111111111,0.0,0.0,0.0,0.0
seq_db_14577,16.666666666666668,0.0,0.0,5.555555555555555,0.0,0.0,0.0,22.22222222222222,0.0,5.555555555555555,0.0,22.22222222222222,0.0,0.0,0.0,0.0,5.555555555555555,0.0,0.0,22.22222222222222
seq_db_14578,16.666666666666668,0.0,0.0,5.555555555555555,0.0,11.11111111111111,0.0,0.0,5.555555555555555,0.0,0.0,0.0,0.0,5.555555555555555,5.555555555555555,44.44444444444444,0.0,0.0,0.0,5.555555555555555
seq_db_14579,11.11111111111111,11.11111111111111,0.0,0.0,0.0,0.0,0.0,0.0,0.0,0.0,66.66666666666667,0.0,0.0,0.0,11.11111111111111,0.0,0.0,0.0,0.0,0.0
seq_db_14581,0.0,0.0,0.0,0.0,0.0,0.0,0.0,25.0,0.0,0.0,0.0,0.0,0.0,0.0,75.0,0.0,0.0,0.0,0.0,0.0
seq_db_14582,5.2631578947368425,10.526315789473685,5.2631578947368425,5.2631578947368425,0.0,5.2631578947368425,5.2631578947368425,15.789473684210526,5.2631578947368425,5.2631578947368425,15.789473684210526,0.0,0.0,0.0,5.2631578947368425,0.0,10.526315789473685,5.2631578947368425,0.0,0.0
seq_db_14583,0.0,11.11111111111111,11.11111111111111,11.11111111111111,0.0,0.0,11.11111111111111,0.0,0.0,11.11111111111111,0.0,0.0,11.11111111111111,0.0,22.22222222222222,0.0,0.0,0.0,0.0,11.11111111111111
seq_db_14584,0.0,0.0,20.0,0.0,0.0,0.0,0.0,20.0,0.0,20.0,0.0,0.0,0.0,0.0,20.0,0.0,0.0,20.0,0.0,0.0
seq_db_14586,0.0,0.0,0.0,0.0,0.0,11.11111111111111,0.0,0.0,0.0,11.11111111111111,11.11111111111111,0.0,0.0,0.0,33.333333333333336,0.0,22.22222222222222,0.0,0.0,11.11111111111111
seq_db_14587,20.0,0.0,0.0,0.0,0.0,20.0,10.0,0.0,0.0,0.0,20.0,10.0,0.0,0.0,0.0,0.0,10.0,0.0,0.0,10.0
seq_db_14588,8.333333333333334,8.333333333333334,0.0,0.0,0.0,25.0,0.0,8.333333333333334,8.333333333333334,0.0,8.333333333333334,0.0,0.0,0.0,0.0,16.666666666666668,8.333333333333334,0.0,0.0,8.333333333333334
seq_db_14589,0.0,33.333333333333336,0.0,0.0,0.0,11.11111111111111,0.0,22.22222222222222,11.11111111111111,11.11111111111111,0.0,0.0,0.0,0.0,0.0,0.0,0.0,0.0,0.0,11.11111111111111
seq_db_14590,0.0,0.0,7.6923076923076925,0.0,0.0,0.0,3.8461538461538463,7.6923076923076925,0.0,7.6923076923076925,19.23076923076923,19.23076923076923,0.0,3.8461538461538463,3.8461538461538463,11.538461538461538,3.8461538461538463,3.8461538461538463,0.0,7.6923076923076925
seq_db_14592,0.0,15.789473684210526,2.6315789473684212,0.0,15.789473684210526,2.6315789473684212,0.0,15.789473684210526,0.0,7.894736842105263,2.6315789473684212,2.6315789473684212,2.6315789473684212,2.6315789473684212,13.157894736842104,5.2631578947368425,2.6315789473684212,2.6315789473684212,0.0,5.2631578947368425
seq_db_14594,0.0,0.0,0.0,0.0,0.0,0.0,12.5,0.0,0.0,0.0,0.0,12.5,12.5,12.5,37.5,0.0,0.0,0.0,12.5,0.0
seq_db_14595,7.6923076923076925,0.0,0.0,15.384615384615385,0.0,0.0,0.0,7.6923076923076925,7.6923076923076925,15.384615384615385,7.6923076923076925,0.0,0.0,7.6923076923076925,7.6923076923076925,0.0,15.384615384615385,7.6923076923076925,0.0,0.0
seq_db_14596,0.0,0.0,0.0,0.0,0.0,66.66666666666667,0.0,0.0,0.0,0.0,0.0,0.0,0.0,0.0,22.22222222222222,0.0,11.11111111111111,0.0,0.0,0.0
seq_db_14597,0.0,0.0,0.0,0.0,0.0,0.0,0.0,0.0,0.0,0.0,0.0,0.0,0.0,33.333333333333336,0.0,0.0,0.0,0.0,66.66666666666667,0.0
seq_db_14598,0.0,6.666666666666667,0.0,6.666666666666667,6.666666666666667,0.0,6.666666666666667,0.0,0.0,6.666666666666667,13.333333333333334,0.0,0.0,6.666666666666667,13.333333333333334,6.666666666666667,6.666666666666667,6.666666666666667,6.666666666666667,6.666666666666667
seq_db_14599,0.0,0.0,11.11111111111111,22.22222222222222,0.0,0.0,11.11111111111111,11.11111111111111,0.0,11.11111111111111,0.0,0.0,11.11111111111111,0.0,11.11111111111111,0.0,0.0,0.0,0.0,11.11111111111111
seq_db_14600,0.0,0.0,0.0,0.0,0.0,0.0,0.0,42.857142857142854,0.0,0.0,0.0,0.0,0.0,0.0,14.285714285714286,0.0,0.0,0.0,0.0,42.857142857142854
seq_db_14602,5.882352941176471,0.0,0.0,5.882352941176471,0.0,0.0,0.0,23.529411764705884,0.0,5.882352941176471,17.647058823529413,11.764705882352942,0.0,5.882352941176471,0.0,5.882352941176471,0.0,0.0,0.0,17.647058823529413
seq_db_14603,0.0,20.0,0.0,0.0,0.0,0.0,0.0,20.0,0.0,0.0,0.0,0.0,20.0,40.0,0.0,0.0,0.0,0.0,0.0,0.0
seq_db_14604,0.0,11.11111111111111,0.0,0.0,0.0,11.11111111111111,0.0,0.0,0.0,0.0,11.11111111111111,0.0,0.0,0.0,11.11111111111111,0.0,11.11111111111111,11.11111111111111,11.11111111111111,22.22222222222222
seq_db_14605,0.0,0.0,0.0,20.0,0.0,0.0,0.0,0.0,0.0,0.0,20.0,20.0,0.0,0.0,20.0,0.0,20.0,0.0,0.0,0.0
seq_db_14606,20.0,0.0,0.0,0.0,0.0,0.0,0.0,0.0,0.0,0.0,0.0,0.0,0.0,20.0,20.0,0.0,0.0,0.0,40.0,0.0
seq_db_14607,15.384615384615385,15.384615384615385,0.0,7.6923076923076925,0.0,7.6923076923076925,7.6923076923076925,0.0,0.0,0.0,15.384615384615385,15.384615384615385,0.0,0.0,0.0,0.0,0.0,0.0,0.0,15.384615384615385
seq_db_14608,20.0,10.0,0.0,10.0,0.0,0.0,0.0,5.0,5.0,0.0,10.0,10.0,0.0,5.0,5.0,0.0,5.0,0.0,5.0,10.0
seq_db_14609,0.0,0.0,0.0,0.0,0.0,0.0,12.5,12.5,0.0,0.0,0.0,12.5,12.5,0.0,25.0,12.5,0.0,0.0,12.5,0.0
